
512871253.7000 2.162007226400000e+06 5.959890000000000e+00 2.162001266510000e+06 .Station.NONE.Clk.Bias
512871253.7000 -5.000778870590000e+06 -5.000803368170000e+06 2.449757999926805e+01 .Station.NONE.State.Pos.X
512871253.7000 -2.518246266790000e+06 -2.518260238340000e+06 1.397155000036582e+01 .Station.NONE.State.Pos.Y
512871253.7000 4.000884965730000e+06 4.000843419580000e+06 4.154614999983460e+01 .Station.NONE.State.Pos.Z
512871253.8000 2.162008204070000e+06 5.951420000000000e+00 2.162002252650000e+06 .Station.NONE.Clk.Bias
512871253.8000 -5.001154365410000e+06 -5.001179181410000e+06 2.481599999964237e+01 .Station.NONE.State.Pos.X
512871253.8000 -2.518482008190000e+06 -2.518496217100000e+06 1.420891000004485e+01 .Station.NONE.State.Pos.Y
512871253.8000 4.000272321370000e+06 4.000228605880000e+06 4.371548999985680e+01 .Station.NONE.State.Pos.Z
512871253.9000 2.162008136190000e+06 5.939850000000000e+00 2.162002196340000e+06 .Station.NONE.Clk.Bias
512871253.9000 -5.001530113310000e+06 -5.001554936450000e+06 2.482313999999315e+01 .Station.NONE.State.Pos.X
512871253.9000 -2.518717946840000e+06 -2.518732156530000e+06 1.420968999993056e+01 .Station.NONE.State.Pos.Y
512871253.9000 3.999657451590000e+06 3.999613746060000e+06 4.370553000038490e+01 .Station.NONE.State.Pos.Z
512871254.0000 2.162008076520000e+06 5.922450000000000e+00 2.162002154070000e+06 .Station.NONE.Clk.Bias
512871254.0000 -5.001905808550000e+06 -5.001930634210000e+06 2.482565999962389e+01 .Station.NONE.State.Pos.X
512871254.0000 -2.518953846100000e+06 -2.518968061810000e+06 1.421570999966934e+01 .Station.NONE.State.Pos.Y
512871254.0000 3.999042537890000e+06 3.998998830870000e+06 4.370701999962330e+01 .Station.NONE.State.Pos.Z
512871254.1000 2.162008040190000e+06 5.907260000000000e+00 2.162002132930000e+06 .Station.NONE.Clk.Bias
512871254.1000 -5.002281471200000e+06 -5.002306275010000e+06 2.480381000041962e+01 .Station.NONE.State.Pos.X
512871254.1000 -2.519189718810000e+06 -2.519203928160000e+06 1.420935000013560e+01 .Station.NONE.State.Pos.Y
512871254.1000 3.998427577200000e+06 3.998383870780000e+06 4.370642000017688e+01 .Station.NONE.State.Pos.Z
512871254.2000 2.162007986800000e+06 5.897350000000000e+00 2.162002089450000e+06 .Station.NONE.Clk.Bias
512871254.2000 -5.002657039910000e+06 -5.002681856740000e+06 2.481682999990880e+01 .Station.NONE.State.Pos.X
512871254.2000 -2.519425536500000e+06 -2.519439761820000e+06 1.422532000020146e+01 .Station.NONE.State.Pos.Y
512871254.2000 3.997812566490000e+06 3.997768861480000e+06 4.370501000015065e+01 .Station.NONE.State.Pos.Z
512871254.3000 2.162007940140000e+06 5.892910000000001e+00 2.162002047230000e+06 .Station.NONE.Clk.Bias
512871254.3000 -5.003032564640000e+06 -5.003057382080000e+06 2.481743999943137e+01 .Station.NONE.State.Pos.X
512871254.3000 -2.519661337250000e+06 -2.519675558490000e+06 1.422124000033364e+01 .Station.NONE.State.Pos.Y
512871254.3000 3.997197520570000e+06 3.997153803510000e+06 4.371706000017002e+01 .Station.NONE.State.Pos.Z
512871254.4000 2.162007879370000e+06 5.882660000000000e+00 2.162001996710000e+06 .Station.NONE.Clk.Bias
512871254.4000 -5.003408035910000e+06 -5.003432850080000e+06 2.481417000014335e+01 .Station.NONE.State.Pos.X
512871254.4000 -2.519897102430000e+06 -2.519911317450000e+06 1.421502000000328e+01 .Station.NONE.State.Pos.Y
512871254.4000 3.996582403100000e+06 3.996538693700000e+06 4.370940000005066e+01 .Station.NONE.State.Pos.Z
512871254.5000 2.162007818360000e+06 5.879860000000000e+00 2.162001938500000e+06 .Station.NONE.Clk.Bias
512871254.5000 -5.003783435940000e+06 -5.003808261990000e+06 2.482604999933392e+01 .Station.NONE.State.Pos.X
512871254.5000 -2.520132817720000e+06 -2.520147042760000e+06 1.422503999993205e+01 .Station.NONE.State.Pos.Y
512871254.5000 3.995967253650000e+06 3.995923542750000e+06 4.371089999983087e+01 .Station.NONE.State.Pos.Z
512871254.6000 2.162007752950000e+06 5.869440000000000e+00 2.162001883510000e+06 .Station.NONE.Clk.Bias
512871254.6000 -5.004158798000000e+06 -5.004183615790000e+06 2.481778999976814e+01 .Station.NONE.State.Pos.X
512871254.6000 -2.520368512730000e+06 -2.520382730550000e+06 1.421781999990344e+01 .Station.NONE.State.Pos.Y
512871254.6000 3.995352049990000e+06 3.995308334770000e+06 4.371522000012919e+01 .Station.NONE.State.Pos.Z
512871254.7000 2.162007720000000e+06 5.848830000000000e+00 2.162001871170000e+06 .Station.NONE.Clk.Bias
512871254.7000 -5.004534116920000e+06 -5.004558907890000e+06 2.479097000043839e+01 .Station.NONE.State.Pos.X
512871254.7000 -2.520604176130000e+06 -2.520618377980000e+06 1.420184999983758e+01 .Station.NONE.State.Pos.Y
512871254.7000 3.994736801090000e+06 3.994693077280000e+06 4.372381000034511e+01 .Station.NONE.State.Pos.Z
512871254.8000 2.162007656310000e+06 5.839600000000001e+00 2.162001816710000e+06 .Station.NONE.Clk.Bias
512871254.8000 -5.004909352740000e+06 -5.004934149420000e+06 2.479667999967933e+01 .Station.NONE.State.Pos.X
512871254.8000 -2.520839783840000e+06 -2.520853999050000e+06 1.421521000005305e+01 .Station.NONE.State.Pos.Y
512871254.8000 3.994121491110000e+06 3.994077772030000e+06 4.371907999971882e+01 .Station.NONE.State.Pos.Z
512871254.9000 2.162007605150000e+06 5.822170000000000e+00 2.162001782980000e+06 .Station.NONE.Clk.Bias
512871254.9000 -5.005284543439999e+06 -5.005309329550000e+06 2.478611000068486e+01 .Station.NONE.State.Pos.X
512871254.9000 -2.521075363330000e+06 -2.521089575780000e+06 1.421244999999180e+01 .Station.NONE.State.Pos.Y
512871254.9000 3.993506150830000e+06 3.993462419790000e+06 4.373103999998420e+01 .Station.NONE.State.Pos.Z
512871255.0000 2.162007534810000e+06 5.812580000000001e+00 2.162001722230000e+06 .Station.NONE.Clk.Bias
512871255.0000 -5.005659662320000e+06 -5.005684456670000e+06 2.479435000009835e+01 .Station.NONE.State.Pos.X
512871255.0000 -2.521310905570000e+06 -2.521325119900000e+06 1.421432999987155e+01 .Station.NONE.State.Pos.Y
512871255.0000 3.992890745530000e+06 3.992847021630000e+06 4.372390000009909e+01 .Station.NONE.State.Pos.Z
512871255.1000 2.162007461390000e+06 5.811880000000000e+00 2.162001649510000e+06 .Station.NONE.Clk.Bias
512871255.1000 -5.006034718480000e+06 -5.006059519780001e+06 2.480130000039935e+01 .Station.NONE.State.Pos.X
512871255.1000 -2.521546416060000e+06 -2.521560625010000e+06 1.420894999988377e+01 .Station.NONE.State.Pos.Y
512871255.1000 3.992275297910000e+06 3.992231570750000e+06 4.372716000024229e+01 .Station.NONE.State.Pos.Z
512871255.2000 2.162007390110000e+06 5.791820000000000e+00 2.162001598290000e+06 .Station.NONE.Clk.Bias
512871255.2000 -5.006409735510000e+06 -5.006434525760000e+06 2.479024999961257e+01 .Station.NONE.State.Pos.X
512871255.2000 -2.521781890600000e+06 -2.521796096700000e+06 1.420610000006855e+01 .Station.NONE.State.Pos.Y
512871255.2000 3.991659795680000e+06 3.991616073390000e+06 4.372228999994695e+01 .Station.NONE.State.Pos.Z
512871255.3000 2.162007333530000e+06 5.773930000000000e+00 2.162001559600000e+06 .Station.NONE.Clk.Bias
512871255.3000 -5.006784701669999e+06 -5.006809481590000e+06 2.477992000058293e+01 .Station.NONE.State.Pos.X
512871255.3000 -2.522017332000000e+06 -2.522031530240000e+06 1.419824000028893e+01 .Station.NONE.State.Pos.Y
512871255.3000 3.991044252740000e+06 3.991000524920000e+06 4.372781999967992e+01 .Station.NONE.State.Pos.Z
512871255.4000 2.162007268240000e+06 5.759790000000000e+00 2.162001508450000e+06 .Station.NONE.Clk.Bias
512871255.4000 -5.007159601550000e+06 -5.007184376940000e+06 2.477539000008255e+01 .Station.NONE.State.Pos.X
512871255.4000 -2.522252734360000e+06 -2.522266930140000e+06 1.419577999971807e+01 .Station.NONE.State.Pos.Y
512871255.4000 3.990428661640000e+06 3.990384925900000e+06 4.373573999991640e+01 .Station.NONE.State.Pos.Z
512871255.5000 2.162007202640000e+06 5.745270000000001e+00 2.162001457370000e+06 .Station.NONE.Clk.Bias
512871255.5000 -5.007534451669999e+06 -5.007559211280000e+06 2.475961000099778e+01 .Station.NONE.State.Pos.X
512871255.5000 -2.522488106480000e+06 -2.522502293380000e+06 1.418690000008792e+01 .Station.NONE.State.Pos.Y
512871255.5000 3.989813031910000e+06 3.989769283240000e+06 4.374867000011727e+01 .Station.NONE.State.Pos.Z
512871255.6000 2.162007134670000e+06 5.732750000000000e+00 2.162001401920000e+06 .Station.NONE.Clk.Bias
512871255.6000 -5.007909234120000e+06 -5.007933988970000e+06 2.475485000014305e+01 .Station.NONE.State.Pos.X
512871255.6000 -2.522723437430000e+06 -2.522737619210000e+06 1.418178000021726e+01 .Station.NONE.State.Pos.Y
512871255.6000 3.989197331860000e+06 3.989153588210000e+06 4.374364999961108e+01 .Station.NONE.State.Pos.Z
512871255.7000 2.162007066480000e+06 5.708240000000000e+00 2.162001358240000e+06 .Station.NONE.Clk.Bias
512871255.7000 -5.008283960470000e+06 -5.008308712750000e+06 2.475227999966592e+01 .Station.NONE.State.Pos.X
512871255.7000 -2.522958730070000e+06 -2.522972908210000e+06 1.417813999997452e+01 .Station.NONE.State.Pos.Y
512871255.7000 3.988581588810000e+06 3.988537844680000e+06 4.374413000000641e+01 .Station.NONE.State.Pos.Z
